# # Gaussian distribution samples
# # Mean: 5.2
# # Variance: 2.8
# # Standard deviation: 1.6733200530681511
# # Number of samples: 1000
# # Data format: one sample per line
6.031162
4.968640
6.283790
7.748516
4.808186
4.808214
7.842528
6.484164
4.414419
6.107877
4.424554
4.420685
5.604880
1.998470
2.313660
4.259113
3.505209
5.725836
3.680585
2.836764
7.652499
4.822204
5.312996
2.815940
4.289073
5.385609
3.274019
5.828663
4.194939
4.711903
4.193152
8.299454
5.177415
3.430111
6.576381
3.157138
5.549496
1.920845
2.977520
5.529412
6.435691
5.486754
5.006483
4.696157
2.725960
3.995470
4.429204
6.968904
5.774983
2.249870
5.742296
4.555634
4.067293
6.223530
6.925192
6.758330
3.795720
4.682589
5.754310
6.832399
4.398188
4.889333
3.348748
3.198363
6.559616
7.469424
5.079504
6.879232
5.805133
4.120508
5.804731
7.773627
5.140052
7.818150
0.816328
6.575306
5.345658
4.699665
5.353545
1.874161
4.832419
5.797564
7.672990
4.332768
3.847131
4.360400
6.731761
5.750106
4.313542
6.058861
5.362442
6.820853
4.025240
4.651716
4.543878
2.751071
5.695504
5.636829
5.208556
4.807461
2.831632
4.496126
4.626529
3.857533
4.930117
5.876106
8.356193
5.492125
5.630964
5.075428
1.989282
5.155634
5.300784
9.321792
4.878119
5.704585
5.141916
3.244428
7.112308
6.458225
6.523650
3.678304
7.547324
2.854255
6.182000
8.865333
3.542516
4.252403
5.366749
4.357524
2.605244
5.314728
3.422426
5.992472
3.661509
7.793536
3.889367
4.661088
6.561275
3.140370
5.580613
7.387268
2.510166
5.508952
5.634867
6.508240
3.130186
2.990453
6.073375
5.696950
5.619155
5.779719
4.062101
5.588635
5.690404
4.004661
8.322038
5.992874
3.206568
6.298624
3.569046
6.517044
7.138701
3.826736
6.812037
5.890715
6.575570
8.373942
4.789387
3.938758
3.711558
3.834888
5.070984
5.770856
5.662992
6.584142
5.221756
7.632228
4.757144
9.751714
6.246942
3.765701
3.408054
6.007331
4.826075
6.394751
5.991878
5.078134
3.783043
2.665176
4.452838
6.633029
5.558247
3.115480
5.489787
5.844759
3.721024
5.457231
5.297402
3.287445
5.798693
6.138372
7.012291
6.963348
2.894718
3.630719
6.061819
6.059728
6.061840
11.646853
6.155283
7.100165
6.796350
6.289986
4.672454
6.469998
3.906816
4.803727
4.387831
5.337002
9.073165
2.075468
6.348333
2.501410
4.410307
7.022163
5.307561
3.396588
4.003068
6.337185
3.977863
5.562204
5.276256
4.109664
8.787505
6.260749
1.811288
5.511998
4.092619
6.626394
3.873859
5.008009
6.045005
6.648686
3.191520
4.640272
4.405264
4.106771
8.154170
5.877664
3.090138
6.735877
8.751047
6.927645
2.657608
4.389721
7.319948
4.015842
5.942652
6.496211
3.648949
5.100395
-0.223678
3.485872
4.777373
3.112059
7.931547
2.806916
4.463665
5.418771
7.611711
2.797343
7.146345
5.217123
3.557622
5.973247
5.533091
4.195645
5.316801
4.555247
5.389951
6.307957
7.853914
3.128739
8.769248
1.933532
4.946015
6.184443
5.670189
4.158024
4.851745
4.375052
4.213804
6.621656
5.797401
4.040540
6.705319
5.714210
6.560178
6.253571
3.812826
4.262638
6.450461
6.221345
5.165025
5.396326
7.337942
4.210112
6.115469
4.861667
4.835750
7.038605
6.581186
6.561262
7.384484
5.235146
6.341126
4.680824
5.742434
4.982229
5.362305
6.195888
3.830855
8.701234
3.516611
3.168274
7.137890
6.524705
6.244352
6.251423
5.179507
3.698606
5.326845
4.066892
6.831687
4.953926
3.818679
4.662219
5.890966
4.256708
3.824162
5.607767
5.609907
4.351722
4.411802
5.588294
2.776891
2.844863
3.997813
4.842835
5.720248
7.668743
6.635139
4.932372
5.168180
3.522448
5.169022
4.716982
5.740011
3.815778
6.069033
7.764763
5.018009
5.872192
6.354832
4.528630
5.574978
5.221071
5.363443
3.906507
5.241013
6.033311
7.628228
6.805167
8.802963
3.915982
6.659672
5.506790
8.864241
3.847458
3.794877
4.197024
1.646043
4.320244
3.929728
5.451657
5.771867
8.339434
6.790363
4.234656
3.696665
6.023138
2.990827
8.264617
7.173581
4.414919
2.333378
7.465462
5.008338
7.271263
2.532012
4.197054
5.208774
5.278614
4.446896
6.242227
3.413529
4.961754
5.401293
6.060821
6.390759
3.318114
2.632936
7.337962
5.756068
3.947542
7.795574
5.393561
7.173342
5.312980
8.648291
8.137247
4.783403
6.825749
6.279921
7.490159
3.585374
6.347984
6.971083
2.257066
3.220030
1.787712
4.749196
6.400678
7.713924
5.323984
7.925195
2.890649
2.349696
5.107051
5.842664
5.145291
1.740508
5.050874
3.017205
6.320577
5.813436
3.627280
4.340136
3.427597
5.095118
6.798259
3.550565
6.043431
4.312709
3.873270
5.020904
3.467708
4.273568
3.195567
8.487614
5.259007
4.029135
5.558057
5.012039
4.830247
6.227697
6.467553
4.312302
4.236472
4.739750
1.348149
2.664600
7.487218
7.952557
4.783283
6.164764
5.720821
10.351953
7.073407
4.985953
3.601075
2.511901
5.540460
3.934383
2.820114
4.118077
3.390224
8.023128
6.675265
5.186659
7.676420
5.329462
3.758796
7.748674
6.101769
3.464355
4.881502
3.734810
2.886133
6.749791
8.395065
2.859749
6.142028
4.111267
4.384883
4.208735
3.754267
5.281192
3.809555
5.652561
5.115936
4.800163
3.681356
4.234877
6.464011
6.038195
3.564237
5.366215
6.457311
2.406551
6.109216
4.091218
6.154794
3.922823
2.179855
2.476601
5.280462
5.634599
3.686789
6.268570
2.419745
5.089427
3.173582
4.109270
5.279313
3.760253
4.556515
6.883850
4.234675
6.598380
3.309639
6.086532
7.612206
1.064148
3.866539
6.165626
4.860240
5.821046
4.189339
5.344892
4.939502
7.154073
5.625727
5.764917
4.510798
4.384079
4.476192
5.860045
4.495558
5.684886
8.672810
6.657670
4.654458
7.210015
4.517159
1.789565
3.513149
2.069566
4.611805
5.230820
8.005216
5.747054
4.833375
6.587861
1.500063
5.594259
6.489904
2.725852
7.113867
5.766413
4.505090
6.258847
8.999596
5.504320
5.615352
4.431342
3.777938
6.589418
3.767498
5.319753
4.400726
6.001487
5.758323
6.936136
4.346579
4.748413
3.562215
4.456555
5.831344
6.466684
3.656922
6.655129
7.468416
5.891809
8.340480
3.905203
3.117294
2.223632
7.703361
6.294963
5.106989
5.668477
3.316697
9.292526
5.416228
5.383053
6.414440
6.004882
5.574630
3.877283
5.988917
8.349229
7.451318
7.865911
4.344573
3.544074
4.989518
5.293246
7.030933
2.367965
7.759427
4.935602
4.485691
3.506425
2.430895
6.577428
5.322684
3.041483
3.032919
4.638125
7.992807
4.765621
2.684761
4.788793
4.743646
0.687245
5.109147
4.813573
6.364976
8.293895
7.085104
4.750063
3.348428
9.506055
5.299091
5.223308
5.159631
5.531459
4.958439
4.240080
4.284930
5.145193
4.290676
4.007181
5.378092
4.773342
7.716662
0.764079
7.026440
7.285099
1.730555
4.626574
4.578461
2.844782
3.898464
3.341651
8.132109
6.765689
7.327719
6.407588
3.310735
4.322310
6.018880
3.154989
6.393075
4.797859
4.572805
6.389664
5.943395
4.595988
7.139930
3.391035
6.230657
6.192448
4.682030
5.745725
3.106487
6.746193
4.890600
4.325317
6.955328
4.021408
2.843193
2.595261
6.214049
3.057432
8.136332
1.716266
8.038714
5.553100
5.038168
4.288176
5.867882
5.137025
7.046177
5.391139
5.451503
4.591560
5.104712
5.715051
2.338341
2.944054
6.443719
5.485913
4.892137
5.230846
5.781615
4.296809
3.897647
5.527712
3.562869
5.883138
2.351033
6.922107
5.990807
5.628420
6.844357
7.986872
6.897366
2.119628
3.058858
4.154479
5.243659
6.066209
3.985598
5.512521
3.936003
4.176735
2.846206
3.655135
2.938199
3.567052
6.963080
3.611352
9.604818
6.025479
5.509290
3.763693
6.371843
4.236774
5.404161
9.483841
5.039261
7.123102
4.023361
5.141453
8.163116
4.150883
8.232807
6.384296
4.258813
6.258221
6.827395
6.240487
2.572511
3.983267
4.785822
5.075449
6.238583
5.497351
2.965542
5.836193
6.221705
6.136709
7.008492
6.595419
5.968355
5.082590
2.420681
5.918889
5.547528
5.654438
3.063591
3.391046
6.962262
5.133812
6.340369
5.247386
5.249792
6.770049
4.336492
5.360841
4.426465
4.472949
4.682656
5.571701
4.398900
7.301282
3.703036
4.887304
4.464189
7.621257
5.528899
6.926606
2.714182
5.646861
6.688637
5.337687
6.982890
4.334411
7.558289
9.046792
4.592855
4.454532
7.631977
7.843130
4.325088
4.496893
4.728484
2.950304
3.662801
3.519751
3.915229
5.141961
5.591916
7.794484
3.529434
6.847086
4.841928
5.117231
6.329189
3.321327
5.839894
5.478528
6.024029
5.683872
9.308503
4.132857
4.311472
4.157286
4.270509
4.133447
7.189605
7.576958
4.244959
3.807203
5.988829
4.275954
6.259098
5.539555
2.663675
7.789471
8.205078
4.174608
4.551251
5.678344
5.759653
6.301955
8.563716
4.903911
3.864193
2.891957
3.976920
5.144568
8.202870
4.333871
5.574469
5.172519
7.188562
9.428367
4.311687
4.381011
6.947215
6.341023
8.290132
6.177099
4.598789
6.188355
7.055216
6.572929
6.048832
6.984888
7.156606
7.512794
6.285499
4.920358
5.445499
7.218876
3.833005
5.816908
4.541818
5.248099
7.339259
5.519770
5.277703
2.924525
6.448721
6.280102
8.819818
4.684989
5.566709
5.617299
7.839584
5.040540
5.666892
6.217205
5.512257
4.452974
5.524775
6.996530
3.482311
5.422501
4.028474
7.199695
2.651221
4.264745
5.831196
7.819623
5.089979
4.270973
8.347778
2.777009
1.520694
5.936285
4.359903
3.491151
6.385307
5.607957
4.256116
3.057641
6.659900
6.287995
5.034047
8.290015
3.409406
2.647308
4.042216
5.123720
5.607185
4.796335
5.789101
3.105774
7.615880
5.062535
7.069594
5.773489
5.964294
6.153403
5.949160
6.275481
7.424098
5.528843
6.386390
5.049843
7.609777
4.068179
8.213550
5.132803
2.805855
5.414360
4.060383
6.606666
4.107951
4.453392
2.038194
4.443147
1.144074
2.549624
6.472417
6.514895
5.911927
3.581939
5.120164
5.193972
3.261685
7.715667
6.668108
4.830256
5.244989
5.548691
1.783524
4.786393
4.058822
3.523969
4.729629
8.208105
6.272335
4.244235
6.158114
