# Temperature distribution on a 2D plate (°C)
# Data represents temperature measurements on a 10x10 grid
# Each row represents a y-position, each column represents an x-position
# Heat source at center, cooling toward edges
25.2  28.1  32.4  38.7  42.3  41.8  37.9  31.6  27.8  24.9
28.7  31.8  36.2  42.9  47.1  46.5  41.7  35.4  30.9  27.3
32.9  36.7  41.5  48.3  53.2  52.6  47.8  40.8  35.2  31.1
38.1  42.4  47.8  55.1  61.4  60.7  54.9  46.9  40.6  35.8
42.8  47.3  53.1  61.2  68.7  67.9  61.5  52.4  45.7  40.2
41.9  46.8  52.4  60.6  67.8  66.9  60.2  51.7  45.1  39.6
37.5  42.1  47.2  54.3  60.9  60.1  54.1  46.3  40.4  35.9
31.4  35.8  40.4  46.7  52.8  52.1  47.0  40.6  35.7  31.7
27.6  31.2  35.1  40.8  46.2  45.6  41.3  36.2  32.1  28.4
24.8  27.9  31.5  36.9  41.7  41.2  37.2  32.8  29.1  25.6